







94

63
78

78
63
78
63
78
78
63
78
78
63
63
63
63
63
63
63
78
78
63
78
63
78
63
78
78
62
62
62
78
93
93
93
63
62
62
62
62
62
62
62
62
62
62
62
62
62
62
62
62
62
62
62
62
62
78
78
78
78
78
78
78
78
78
78
78
78
78
78
78
78
94
63
94
63
63
63
63
63
63
94
94
94
94
109
109
109
109
109
109
109
109
109
109
109
109
109
109
109
109
109
109
109
109
109
109
109
109
109

109
109
109
109
109
125
125
125
125
125
125
125
125
125
94
94
94
94
94
94

94
141
94
141
94
141
94
141
94
94
94
94
94
62
62
78
78
78
78


93
93
93
93
93
109
109
109
109
109
109
125
125
125
125
125
125
125
125
125
125
125
125
125
125
125
125
125
125
125
125
125
125
125
125
125
125
141
141
141
141
141
141
141
141
141
141
141

156
156
156
156
156
156
156
156
156
156
156
156
156
156
156
156
156
171
171
171
171
171
171
171
171
171
171
171
171
171
171
171
171
171
171
171
171
171
171
171
171
171
171
171
171
171
171
187
63
78
78
63
63
63

202
202
202
202
202
202
202
202
202
202
202
202
202
202
202
202
202
202
202
202
202
202
202
202
202
202
202
202
202
218
218
218

218
218
218
234
218
218
218
218
218
218
218
218
218
218
218
218
218
63
63
63
156

78
172
172
78
172
172
172
78
78
172
78
78
78
172
172
172
94
94

94
94
110
141
141
110
110
141
125
156
156
125
156
156
125
156
125
156
125
156
125
156
156
156
125
156
125
125
125
156
125
156
125
156
156
125
156
156
172
109
125
141
141
141
141
141
172
172
141
141
141
141
172
172
172
172
141
141
172
141
172
172
172
172
172
141
141
172
187
156
187
187
156
187
156
187
187
156
156
187
187
187
187
187
187
156
156
156
156
156
156
156
171
156

171
171
171
249
249
265
265
265
265
265
265
265
265
187
187
187
265
265
187
187
187
265
265
265
187
187
265
265
265
187
265
265
187
187
187
187
203
203
281
281
203
203
281
281
203
203
203
281

219
219
219


78

297
297
125
125
140
140
140
62
62
62
312
312
312
312
312
312
312
312
312
312
312
312
312
312
312
312
63
63
63
172
172
328
328
328
328
328
328
62
343
343
343
343
343
343
343
93
156
203
203
203
203
203
203
203
203
203
203
203
203
203
94
203
203

63
63
63
125
125
125
78


156
188
156
62
62
62
62
203
203
171
171
203
203
187
187
203
203
203
203
203
203
375
375
375
375
219
219
219
187
219
187
219
219
187
219
219
219
187
187
219
219
219
219
219
219
234
202
202
202
218
202
202
218
390
390
390
390
390
390
202
390

218
390
218
218
390
390
390
218
234
234
234
406
406
406
234
234

140
140
140
140
140
140
140
140
140
156
156
156


156


266
172


172

172

172

172

172
172
172
172
172
172
172
172
156
156
156
156
156
156
141
141
141
141
172
172
187
187
187
187
187
187
187
187
187
187
171
171
171
171
171
171
171
171
171
171
171
171
171
171
171
171
171
171
156
156
156
156
156
156
156
172
172
172
172
172
172
172
172
172
172
172
172
172
172
172
141
390
141
141
141
390
156
172
172
172
187
390
187
249
249
249
249
249
405
405
405
390
390
390
390
202
374
202
202
358
358
358
358
202
358
358
358
202
358
358
358
358
202
265
265
265
265
265
421
421
218
218
218
218
390
218
218
218
234
234
359
250
359
359
359
359
250
359
359
359
250
266
266
266
266
266
281
281
281
281
281
281
281
281

234
234
437
234
234
422
422
422
234
406
406
406
406
406
405
405
405
405
405
405
405
405
405
249
405
405
405
405
405
405
405
249
249
249
249
437
421
327
343
343
343
343
343
343
343
343
343
343
343
328
328
328
328
328
343
343
343
343
343
343
327
327
327
327
327
327
358
358
359
359
359
359
359
359
359
359
359
359

234
359
375
375
375
375
375
375
375
375
375
375
375
375
359
359
359
359
359
359
359
359
359
359
359
359
359
359
359
359
374
374
374
374
374
374
374
374
374
374
374
374
374
374
374
374
374
374
374
374
359
359
359
359
359
359
359
359
359
359
359
375
375
375
375
375
375
375
375
375
375
375
375
375
375
375
375
375
375
375
375
375
375
375
375
375
375
375
375
375
375
375
375
390
390
390
390
390
390
390
374
374
358
358
358
358
358
343
343
343
343
343
296
296
296
296
296
296
296
296
296
296
312

328
328
328
312
312
312
312
312
312
312

Time: 0765

OK (1000 tests)

BUILD SUCCESSUL (total time: 0 seconds)
