







63
78
63
78
63
63
63
63
63
63
78
78
78
63
78
63
63
78
63
63
63
63
78
78
63
63
63
63
63
78
78
63
63
78
63
78
78
62
62
62
93
62
62
62
62
62
62
62
62
62
62
62
62
62
62
62
62
62
62
62
62
62
62
62
62
78
78
78
78
78
78
78
78
78
78
78
78
78
78
78
78
78
78
78
78

63
63
63
63
63
94
94
94
94
94
94
110
94
94
94
94
94
94
94
94
94
94
94
94
94
94
94
94
94
94
94
94
140
140


78
78
78
78
78
78
94
109
109
109
109
78
78
78
78
94
109
109
109

125
125
125
125
125
125
125
125
125
125
125
141
141
141
141
141
141
141
141
141
141
141
141
156
156
156
156

156
156
156
156
156
156
156
156
156
156
156
156
156
156
156
156
156
156
156
156
156
156
156
156
156
156
156
156
172
172
172
172
172
172
172
172
172
172
172
172
172
172
172
172
172
172
172
172
172
172
172
172
172
187
187
187
187
187
187
187
187
187
187
187
187
187
187
187
187
62
62
62



218
218
218
218
218
218
218
218
218
218
218
218
218
218
218
218
218
218
63
234
234
234
234
234
234
234
234
234
234
234
234
234
234
234
234
234
234
234
234
234
234
234
234
234
234
265
249
249

249
249
249
249
249
249
249
249
249
249
249
249
249
249
249
249
249
249
249
249
249
249
249
249
249
265
265
265
265
265
265
265
265
265
265
265
265
265
265
265
265
281
265
265
265
62
62
62
62
62
218
218

218
218
218
218

218

218
218


218

218


109
109
202
202
202
202
202
202
62
62
218
218
156
156
172
172
172
172
172
156
172
172
172
172
172
265
265
265
172
265
172
265
265
265
265
172
265
265
188
187
187
188
281
187

234
234
234
234
234
234
234
172
172
188
172
188
172
188
188
188
172
172
188
281
281
281
281
188
281
296
296
296
296
296
203
296
296
203
203
296
203
296
296

156
249
249
249
249
249
94
94
94
94
109
109
109

265
265
265
265
281
63
94
94
94
78
78
78
78
78
78
78
78
78
78
78
78
78
78
78
78
78
78
63
312
312
312
78
78
78
312
312
140
140
140
140
78
124
124
124
124
78
124
124
124
124
124
124
109
109
78
109
109
109
125
125
125
125
125
125
125
125
125
125
125
125
125
125
125
125
125

109
328
109
109
109
328
328
109
344
344
344
344
344
344
125
344
344
125
344
344
344
125
344
344
359
359
359
359
140
359
359
140
359
359
140
359

156

171

171

187
171
171
359
359
62
359
218
63

94
94
94
94
94
94
281
281
94
94
94
250
250
250
250
250
265
109
109
265
265
109
109
109
109
265
265
109
265
265
109
265
296
296
296
109
280
265
265
265
265
109
265
265
265
109
125
281

62
125
62
140
265
140
281
156
250
156
156
156
156
156
172
172
63
156
156
156
156
63
156
281
281
281
281
156
156
250

203
203
203
203
62

187
265
265
187
187
187

437
234
234
234
218
218
218
218
218
218
218
218
218

63
63
63
63
234
234
234
234
234
234
219
219
219
219
219
453
219
453
453
219
453
453
219
453
281
281
140
140
140
296
296
296
234
280
280
234
280
265
265
265
265
265
265
265
265
265
265
265
265
265
280
280
280
296
250
296
250
296
296
296
281



281
281
281
250
281
281
281
281
281
265
265

188
188

63
63
188

62
62
62
62

281
281
281
203
93
203
203
203
93
187
203
203
203
93

109
203
219
63
219
219
109
219
219
219
219
219
219
219
219
203
219
62
62
62
218
218
140
218
140
218
62
62
78
78
78
234
234
156
234
234
156
156
156
234
234
234
156
156
234
234
234
156
281
78
94
94
94
63

172
250
250
250
172
250
250
250
172
250
250
250
172

203

203
218
109
203

109
218
218
234
234
234
234
218
218
218
218
218
359
249
234
234
234
218
234
218
218
218
218
359
63
141
63
63
234
265
250
250
234
250
234
234
234
234
234
234
234
234
234
375
234
234
343

343
343
343
343
62
358
358
358
358
358
374
374
374
374
265
374
374
374
374
374
265
358
358
358
358



374
374
374
374
374
374
62
187
187
187
187
187
390
390
390
390
390
390
390
390
390
406
390
390
390
390
390
390
390
390
390
390
390
390
390
390
390
390
390
390
390
390
375
327
327
327
390
234
234
234
62
234
62
249
62

343
343
343
390
390
390
343
390
343

390
390
343
390
343
390
343
343
390
390
390
343
390
343
390
343
406
406
359
406
359
359

63
63
78
78
78
78
78
265
78
250

94
94
265
265
265


109
265
124
62
109
265
265
109
249
249
62
280
249
124
249
249
124
234
234
124
249
124
249
124
249
249
124
249
124
249
249
249
249
124
140
265
140
265
265
140
265
140
140
265
265

265
265
140
265
265
140
265
265
265
265
140
265
265
265
265
140
250
250
266
172
328
63
344
172
188

188

188
266
266
203
281
281
203

281
203
281
265
218
63
125
125
125
63
281

281
281
297
297
297
297
297
234
281
234
234
281
234
62
140
140
62
62
265
265
265
265
296
296
296
265
296
265
296
296
265
296
296
296
265
296
265
265
296
296
296
265
296
312
312
312
312
172
281
281
312

281
281
312
281
312
281
281
312
281
312
312
312
281
312
312
281
312
312
297
328
328
328
328
328
328
312
328
312
328
328
328
328
328
328
328

328
515
515
515
515
328
312
327
343
343
343
343
327
343

63



390
390
530
530
390
530
530
390
530
515


390
515
390
515
265
406
531
406
546
546
406
531
531
531
531
406
531
531
531
531
531
406
531
406
531
406
546
421
62
421
421
546
561
546
561
421
561
561
421
421
561
561
421
561
561
561
561
546
546
546
546
421
421
546
437
562
437
562
562
562
562
562
562
562
562
562
62
62
312
312

63
63
78
78
78
78
328
328
78
78
78

94
94
94
94
94
94
94
94
94
94
94
312
110
312
110
110
110
515
390

62
312
62
312
312


62
140
327
327
312
312
312
312
312
296
296
156
156
156
312
312
312
312
312
312
312
156
296
156
156
171
171
171
296
171
281
63
312
312
312
187
312
312
187
312
297
297
297
187
187
297

187
187
187
187
312
312
312
312
312
312
312
187
297
297
297
297
312
312
234
296
281
296
234
234
234
234
296
249
280
249
280
280
280
280
280
280
280
249
265
249
265
265
249
561
94
94
94
94
94
577
265
577
296
296
312
297
297
281
297
297
281
297
297
297
281
281
281
281
281
187
187
187
187
187
296
281
343
327
296
327
296
327
327
296
296
327
327
296
312
312
312
296
296
312
312
296
312
312
312
312
328
312
312
312
312
624
624
312
624
328
328
328
328
328
609
609
328
328
609
609
609
328
609
609
328
609
328
609
609
624
343
624
624
624
624
343
343
624
343
343
624
624
624
624
624
624
624
343
624
624
624
624
343
624
343
343
343
624
608
374
624
374
624
624
374
624
624
374

374
624
624
624
374
374
374
624
624
624
624
624
374
374
374
374

266
266
266
266
266
266
281
266
266
266
266
266
266
266
266
266
266
266
266
281
281
281
250
250
250
250
234
234
234
234
234
234
234
219
219
203
203
203
203
203
203
234
234
234
234
234
234
234
218
218
218
218
218
218
218
218
218
218
218
218
218
203
203
203
203
219
219
219
219
219
219
219
219
219
281
281
265
265
265
265
265
265
265
265
250
250
250
219
219
219
219
219
219
219
219
234
265
265
265
265
265
265
265
249
249
249
249
249
249
249
249
249
249
249
249
234
234
234
234
234
249
405
140
265
592
608
281
608
281
608
608
608
593
593
281
577
577
281
577
577
281
577
577
281
577
562
608
281
608
608
608
608
608
281
608
624
297
624
624
624
624
297
624
297
624
624
624
297
624
297
624
624
624
624
624
624
624
624
297
624
297
624
624
624
624
609
609
609
609
608
608
608
608
608
608
452
437
437
437
437
437
437
437
437
452
452
437
437
437
452
452
452
421
421
421
421
421
421
421
421
437
437
437
437
437
437
437
437
437
437
452
452
452
452
452
452
452
452
452
452
452
452
452
452
436
452
452
452
452
452
452
452
452
452
452
452
452
452

Time: 1342

OK (1800 tests)

BUILD SUCCESSUL (total time: 2 seconds)
