








62
62
62
62
62
62
62
62
62
62
78
62
78
78
78
78
78
62
62
62
62
78
62
62
62
62
62
62
62
62
62
62
62
78
78
78
78
94
94
94
78
78
78
78
78
94
63
63
63
63
63
63
63
63
63
63
63
63
63
63
63
63
63
63
63
63
78
78
78
78
78
78
78
78
78
78
78
78
78
78
78
78
78
78
78
78
78
94
109
94
94
78

94
94
94
94
94
94
94
94
94
94
94
94
94
94
94
94
94
94
94
94
110
110
110
110
110
110
110
110
110
110
110
110
110
110
110
110
110
110
110
110
110
110
110
110
62
62
62
62
62
62
62
62
62
62

78
78
78
78
78
78
78
78
78
78
78
78
78
93


109
109
109
109
109
109
109
109
109
63
109
109
109
109
109
109
109
109
109
109
109
109
109
109
109
124
124
124
124
124

124
124
124
124
124
124
124
124
124
124
124
124
124
124
124
124
124
124
124
124
156
93
93
156
156
156
156
171
63
63
187
187
187
187
187
187
187
187
187
187
187
187
187
187
187
187
187
187
187
187
187
187
187
187
187
187
187
187
187
202
202

202
202
202
202
202
202
202
202
202
202
202
202
202
202
218
218
218
218
218
218
218
218
218
218
218
218
218
234
234
234
234
234
234
234
234
234
234
234
234
234
234
234
234
234
234
234
234
234
234
234
234
234
234
250
250
250
250
250
250
250
250
250
250
250
250
250
250
250
250
250
250
250
250
250
250
250
250
250
250
250
250
250
265
265
265
265
265
265
265
265
265
265
265
265
265
265
265
265
265
265
265
265
265
265
265
265
265

63
63
219
219
219


219

219
219

219

109


202

202
265

265
265
265
265
202
202

202
218
78




281
281
63
281
281
281
63
63



63
63
63
63
63
78
78
78
78
78
78
78
62
93
62


125
125
63
125
125


125
234

234
234
234
125
63
63
63
63

187



265
296
296
296
296
265
265
296
296
296
296
265
265
265
265
265
296
280
280
280
280
280
280
280
280

312
312
281
312
312
312
312
312
281
281
312
312
296
281
281
296
296
312
312
297
312
312
297
312
312
312
312
312
312
219

374
374
374
234
93
234
234
93
234
234
93
234
374
374
343
343
359
359
359
359
109
359
359
93
359
359
359
265
265
265
265
265

390
390
390
390
390
63
63
63
63
63
297
265
265
265
63
63
265
265
265
265
78
78
78
280
280
280
280
280
280
280
280
280
280
265
93
265
93
265
265
93
265
265
265
109
265
265
265
296
328
328
328
328
281
281
281

281
281
125
281
281
281
125
281
281
125
281
281
281
125
281
281
281
281
125
281
125
281
297
297
297
297
297
297
297
297
141
297
297
297
297
297
297
297
297
156
156
156
156
297
156
297
156
297
297
297
297
297
390
390
62
390
62
312
171
312
312
312
171
312
312
171
312
171
171
171
171
171
171
171
171
171
171
171
171
171
171
312
343
343
156
343

156
343
156
328
328
156
328
328
328
328
156
328
328
156
171
62
62
62
62
343
187
343
343
343
343
343
187
343
343
343
343
343
187
343
343
187
343
343
343
187
343
343
187
343
187
343
343
343
343
203
359
218
359
218
218
359
359
359
359
359
359
359
218
359
359
218
359
218
359
359
359
218
218
359
234
375
375
234
375
375
375
375
375
375
187
250
375
250
375
375
375
375
156
390
390
390
265
390
390
390
390
265
390
390
390
390
265
265
390
390
390
390
265
390
265
390
265
390
62
187
187
296
406
406
406
406
281
406
406
406
406
406
281
281
421
296
296
296
296
421
421
421
421
296
421
421
421
421
421
421
296
421
421
296
421
421
296
421
421
437
437
437
437
312
312
437
312
437
312
437
437
437
312
437
437
437
312
312
437
437
437
312
437
312
453
328
453
453
453
328
453
453
453

453
453
328
453
328
453
328
328
453
453
453
453
453
453
437
344
406
359
468
359
359
452
359
452
452
359
452
359
452
452
452
452
359
359
452
452
437

421
421
405
405
359
405
405
405
374
359
375
468
375
468
437
375
468
375
468
468
468
468
468
468
375
468
468
375
375
468
468
468
468
375
468
453
453
453
375
453
390
468
468
468
468
468
468
452
452
452
452
452
390
452
452
390
452
452
390
452
452
452
452
452
452
452
390
452
452
452
421
452
452
452
452
421
452
452
452
452
452
421
452
468
468
468

437
468
437
468
437
468
468
437
468
468
437
468
468
437
453
437
453
437
671
453
453
453
468
468
468


62


671
671
671
515
515
671
219
219
671
515
671
671
437
374
374
374
374
374
374
374
359
359
359
453
375
375
375
375
375
375
375
390
390
390
390
390
390
390
390
390
390
390
390
484
484
484
484
484
375
375
375
375
375
390
390
390
343
359
359
359
343
375
375
406
406
406
375
406
406
406
406
406
375
406
406
406
375
421
421
421
390
390
390
390
390
390
390
390
421
421
421
421
421
421
421
390
390
749
749
421
749
421
421
421
749
749
453
749
453
749
734
453
453

453
453
453

734
734
734
468
734
734
734
468
468
468
734


453
608
608
608
608
608
608
608
608
608
608
608
608
608
608
608
608
608
608
608
608
608
608
608
608
608
608
608
608
608
608
608
624
624
624
624
624
624
624
624
624
624
624
624
624
624
624
624
624
624
624
624
624
639
639
639
639
639
639
639
639
639
639
639
639
639
639
639
639
639
639
639
639
639
639
639
639
639
639
639
639
639
484
484
484
484
484
655
655
655
640
624
624
624
640
640
640
640
640
640
640
640
640
500
515
515
515
515
656
656
656
656
656
656
656
656
656
656
656
656
656
656
656
656
656
656
656
656
656
656
656
656
656
656
671
671
671
671
671
624
624
624
624
624
624
624
624
655
655
655
639
639
639
639
639
639
639
671
671
671
671
671
671
687
687
687
687
687
687
687
687
687
687
640
624
546
546
546
546
546
546
546
546
546
546
546
546
546
561
546
561
561
561
561
561
561
530
530
530
530
546
546
546
546
546
546
546
562
562
562
562
562
562
578
578
578
578
578
578
578
578
578
578
578
578
578
578
578
593
593
593
593
593
593
593
577
577
577
577
577
593
577
577
577
593
593
593
593
593
593
593
593
593
593
593
593
593
593
593
593
608
624
624
624
624
624
624
624
624
624
624
624
624
624
624
624
624
624
624
640
640
640
640
640

Time: 1185

OK (1400 tests)

BUILD SUCCESSUL (total time: 2 seconds)
