








62

62
62

62
62
62
62
62
62
62
62
62
62
62
62
62
62
78
62
78
62
62
62
78
94
78
78
78
94
78
94
94
78
78
78
78
78
78
78
63
78
78
78
78
78
78
78
78
78
78
78
78
78
78
78
78
78
78
78
78
78
78
78
78
78
78
78
78
78
78
78
78
78
78
94
94
94
94
94
94
94
94
94
94
94
94
94
94
94
94
94
94
94
94
94
94
94
109
109
109
109
109
109
109
109
109
109
109
109
109
109
109
109
109
109
109
109
109
109
109
109
109
109
109
109
109
109
109
109
109
109
109
109
109
125
125
125
125
125
125
125
140
140
140
140
140
140
140
140
140
140
140
140
140
140
140
140
156
140
156
140
140
156
62
156
172
172
172
172
172
156
156
156
156
156
156
94
62
125
125
125
125
125
125
125
125
125
125
141
125
125
125
125
125
125
125
125
125
125
140

Time: 025

OK (200 tests)

BUILD SUCCESSUL (total time: 1 second)
