











62
62
62
62
62
62
62
62
62
62
62
62
62
62
62
62
62
78
78
62
62
78
62
62
78
62
62
78
62
62
62
62
62
78
94
94
94
94
78

109
62
62
62
62
62
62
62
62
62
62
62
62
62
62
62
62
62
62
62
62
62
62
62
62
62
62
62
78
78
78
78
78
78
78
78
78
78
78
78
78
78
78
78
78
78
93
93
93
93
93
93
93
93
93
93
93
93
93
93
93
93
93
93
93
93
93
93
93
93
93
93
93
93
93
93
93
93
93
93
93
93
109
109
109
109
109
109
109
109
109
109
109
109
109
125
109
109
109
109
109
109
109
109
125
125
125
125
125
125
140
140
140
140
140
140
140
140
140
140
140
140
140
140
140
140
140
140
140
156
140
156
156
156
172
156
172
172
172
172
172
172
172
62


94
94



110
110
125
140


78

78
140
140
140
140
140
140
140
140
140
140
140
140
140
140
63
63
156
156
156
156
156
156
156
156
156
156
171
171

171
171
171
171
171
171
171
171


















187
62
94
94
94
94
94
94
187
187
203
203

203

203
203
203
203
203
203
203
203
203
203
203
203
203
203
203
219

218
218
218
218
218
218
218
218
218
218
218
218
218
218
218
218
218
218
218
218
218
218
218
218
218
234
234
234
234
234
234
234
234
234
234
234
234
234
234
234
234
234
234
234
234
234
234
234
234
234
234
234
234
234
234
249
249
265
265
265
265
265
265
265
265
265
265
265
265
265
265
265
265
265
265
265
265
265
265
265
265
265
265
281
281
281
281
281
281
281
281
281
281
281
281
281
281
281
281
281
281
281
281
281
281
281
281
281
281
281
281
63
219
219
219


297
297
297
297
297
297
297
297
297
297
297
297
297
297
297
297
297
297
297
312
312

312
312
312
312
312
312
312
312
312
312
312
312
312
312
312
312
312
312
312
312
328
328
328
328
328
328
328
328
328
328
328

63
63
63
265
265
265
265
265
265
280
280
280
280
280
280
265
78
109
312
93

109
265
109
265
109
265
265
125
125
281
62
62
62

281

281
281
281
140
140
140
140
140
156
156
156
156
172
172
172
188
188
219
219
219
219
219
219
219
219
219
219
219
297
219
297
234
312
234

62
343
62
343
343
234
234
234
250
250
250
250
250
265
265
265
312
312
265
312
265
312
265
265
265
265
265
297
265
265
265
281
296
280
296
296
296
280
296
296
296
280
280
296
312
312

203
203
265
265
265
343
343
343
343
343
343
343
265
343
359
281
172
62
62
62
62
62
62
94
62
94
62
296
296
343
296
343
343
296
343
296
343
296
343
343
343
296
296
296
296
296
312
312
359
359
359
312
359
359





62
62

63
265
265
265
265
265





453
453
453
453
63
63
63
453
453
453
453
453
453
453
468
468
468
312
312
312
296
62
468
468
468
468
468
405
405
405
405
421
78
421
125

94
94




328
328
312
296
296
296
296
94
296
296
296
63
78
375
375
375
375
375
375
63
375

375

63


63
63
63
63
63
63
63
63
63
63
63
63
62
62
390
390
62
390
156
156
327
171
312
296
296
296
296
296
312
297
297
297
203
281
203
203
203
203
203
203
203
203
203
203
203
281
203
281
281
203
281
203
218
296
296
296
296
218
296
296
218
296
312

234
312
312
312
312
234
312
312
312
312
312
312
312
312
312
234
234
234

250
250
250
250
250
250
250
250
250
250
266
266
266
266
312
312
266
312
266
312
312
297
281
562
281
281
296
296
577
296
577
296
296
327
327
281
281
281
281
312
312
281
281
312
312

312
312
312
281
328
297
312
312
312
312
312
593
593
312
593
593
593
312
593
593
593
593
593
593
593
593
593
593
593
593
593
593
62
62
249
249
343

358
358
358
358
358
358
358
343
343
281
592
374
249
249
249
234
234
234
234
234
62
62
78
265
265
265

250
250
250
109
234
234
234
234
218
125
218
218
218
218
125
218
218
125
218
218
125
218
218
125
125
234
234
234
234
203
203
172
188
188
234

156
156
234
234
234
156
156
234
219
219
219
219
219
219
156
172
203
172
172
187
187
187
187
203
187
203
203
561
561
203
203
546
203
203
203
546
546
546
546
203
203
203
63
359
219
577
219
219
577
577
577
577
577
577
577
577
562
562
219
219
219
562
562
562
562
577
249
577
577
577
249
577
249
577
577
577
577
577
577
577
577
249
577
249
249
577
577
577
577
249
577
577
249
249

265
265
265
593
265
593
593
593
265
593
265
265
265
593
265
265
593
265
593
593
593
265
265
593
593
593
593
265
609
609
609
609
297
609
297
609
297
609
609
609
609
609
609
609
609
609
609
609
609
609
609
297
297
312
312
312

312
312
63
312
312
312
624
624
312
624
624
312
624
624
624
624
312
624
624
624
312
312
624
312
312
624
63
328
328
62
62
640
343
640

640
62
62
265
265
655
655
358
655

655
655
358
655
655
358
358
655
358
655
655
655
374
374
671
671
374
671
374
671
671
374
374
671
671
671
671
374
671
671
671
671
671
687
687
687
687
687
687
687
687
687
687
687
687
687
687
687
390
687
390
390
687
687
390
687
687
687
390
390
687
390
687
390
390
390
687
702
405
702
702
702
405
405
702
702
405
702
78
78
78
78
78
78












63
63
63
63
687
687
702
63
63
63
63
63
63
63
63
63
63
78
78
343
78
94
94
343
343
94
343
343
94
358
62
62
62
109
109
358
109

702
702
421
702
358
93
93
93
358
358

62
62
62
62



62

374
374
374
374
374
374
374
374
374
374
374
125
125
125
125
125
374
374
63
63
63


358
172

203
203
203
203
203
203


219
359
359
359
359
359
359
359
359
374
374
374
374
374
234
249
249
249
249
249
359
359
359
359
359
359
343
249
343
343
249
249
343
343
249
343
343
343
343
359
359
359
359
359
359
359
265

281
343
281
281
343
343
343
343
343
343
343
343
343
343
343
328
328
343
343
343
343
343
327
327
327
327
327
327
327
327
327
312
312
608
592
592
592
592
592
592
592
592
592
592
592
592
592
592
592
592
592
608
608
608
608
608
608
608
328
624
328
328
328
328
655
655
655
640
640
640
624
624
624
624
624

608
624
624
624
359
359
609
609
609
609
609
375
593
593
375
375


281
281
281
281
281
281
281
281
281
281
281
281
265
78
78
265
265
265
265
265
265
265
265
78
203
203
203
219
312
312
312
219
219
219
219
219
219
219
219
219
219
219
219
219
109
219
219
219
219
219
219
109
219
219
219
265
280
280
280
280
280
280
280
280
280
280
124
280
124
280
280
280
280
280
124
124
280
280
280
280
124
124
124
124
280
280
296
140
296
281
140
281
296
281
281
281
281
281
140
281
140
281
140
250
140
281
140
281
281
140
281
281
140
250
250
250
156
156
156
266
266
156
156
156
266
266
156
266
266
156
266
266
156
266
266
156
266
266
156
266
266
156
266
266
156
312
312
171
171
327
327
171
327
327
327
327
327
327
327
327
171
171
171
327
327
327
171
171
171
327
312
171
312
327
171
327
312
343
343
328
343
328
343
328
187
328
312
187
297
297
187
297
297
297
297
297
297
187
297
297
297
297
297
297
297
297
312
312
312
312
280
218
280
218
280
280
280
280
280
280
280
218
280
280
218
280
343
343
343
343
343
343
343
343
343
343
343
343
343
343
343
358
358
358
296
358
358
358
358
296
296
296
296
358
296
296
358
358
312
312
312
312
374
312
374
312
312
343
328
328
328
374
374
374
374
374
374
328
328
374
374
374
374
374
390
390
390
390
390
405
359
359
359
359
375
375
406
406
406
406
406
406
406
406
406
406
375
375
375
375
390
390
390
375
421
421
421
375
406
406
375
421
421
390
421
421
421
421
421
421
421
390
421
421
390
390
436
390
390
436
436
390
390
405
405
421
421
421
421
421
421
421
437
437
437
437
421
421
421
421
421

421
421
421
421
437
437
812
437
437
437
437
437
437
437
437
437
437
437
437
437

796
468
796
62

484
484
484
499
499
499
499
671
671
655
655
655
655
655
655
655
655
655
655
655
655
655
655
655
655
655
655
671
671
671
671
671
671
671
671
671
671
671
671
671
671
671
671
671
671
671
671
671
671
671
671
671
655
655
655
421
670
670
670
670
670
670
670
655
655
639
639
639
639
639
639
655
655
655
639
639
639
639
639
639
639
639
639
639
639
639
639
655
655
655
655
655
655
655
655
655
655
655
640
281
452
452
452
452
452
452
437
484
468
468
468
468
484
484
484
484
484
484
484
484
484
484
484
484
484
484
484
468
468
468
468
500
500
500
500
500
500
500
500
500
500
500
515
515
515
515
515
515
515
515
483
483
483
483
515
515
515
515
515
515
515
515
515
515
515
499
499
499
499
499
499
499
499
515
515
515
515
515
515
515
515
515
515
530
530
530
530
530
530
514
514
514
546
499
499
499
499
499
499
499
499
499
515
515
515
515
515
515
515
515
515
515
515
515
515
515
515
515
515
515
577
577
593
593
671
671
671
671
671
671
671
671
671
671
656
656

Time: 1669

OK (2000 tests)

BUILD SUCCESSUL (total time: 2 seconds)
