








62


62
78

62
62
62
62
62
62
62
62
62
78
62
62
78
78
62
62
93
62
62
62
62
62
62
62
62
62
62
62
62
62
78
78
78
94
78
94
94
94
94
78
94
78

78
78
78
78
78
78
78
78
78
78
78
78
62
62
62
62
62
62
62
62
62
62
62
62
62
62
62
62
62
62
62
62
62
62
62
62
62
62
78
78
78
78
78
78
78
78
78
78
78
78
78
78
78
78
78
78
78
78
78
78
78
78
78
78
78
78
78
78
78
94
94
94
94
94
110
94
94
94
110
110
110
110
110
110
110
110
110
110
110
110
110
110
110
110
110
110
110
110
125
125
125

125
125
125
125
125
125
125
125
125
140
125
125
125
125
125
125
125
125
125
125
125
125
125
125

125
125
125
125
125
141
141
141
141
141
141
141
141
141
141
141
141
141
141
156

63
63
63
63
63
63
125
62
62


62

93
93
93
109
93
93
93

109
109
109
109
109
109
109
109
109
109
125
125
125
140
125
125
125
125
125
125
125
125
125
125
125
125
125
125
140

140
140
140
140
140
140
156
156
156
156
156
156
156
156
156
156
156
156
156
156
156
156
156
156
156
171
171
171
171
171
171
171
171
171
171
171
171
171
171
171
171
171
171
171
171
171
171
171
171
171
187
94
63
94
94
187
187

187
187
187
187
187

62
62
62
140
140
140
140
140
202
202
202
202
202
202
202
202
202
202
202
202
202
202
202
202
202
202
202
202
202
202
202
202
202
202
218
62
218
218
218
218
218
218
218
218
218
218
218
218
218
218
218
218
218



172
94
172
172
172
172
94
94
172
94
172
94
94
156
156
156
110
141
141
141
141
141
141
141
110
141
110
110
141
110
141
62
62
62
156
125
156
171
171
171
171
171
171
171
171
171
171
171
171
171
125
125
156
156
156
156
125
156
140
156


63
63
172
156
156
156
156
156
156
156
156
156
156
156
250
156
156
156
156
156
156
156
156
250
250
250
156
250

62
62
62
62
187
187
62
234
234
218
218
140
202
202
202
202
202
202
202
202
202
156
156
202
202
202
202
202
187
187
187
187
187
187
203
203
172
203
203
203
203
203
203
203
172
203
203
203
203
203
187
187
187
187
187
187
187
187
187
187
187
203
203
203
203
203
203
203
297
297
297
297
297
297
203
203
297
203
203
203
203
203
219
219
219
219
62
62
62
62
62
62
62
62

249
296
249
249
249
296
296
249
249
296
296
249
249
249
249
296
249
249
296
296
296
296
296
296
63
156
63
63
63
93
281
141


63
78
78
78
78
94
78
78
78
78
78
78

62
62
109
109
109
109
109
109
124
109
109
109
124
124


218
234
234
234
234
62
78
140
172
172
172
172
140
172
172
172
172
172
172
140
172
172
156
156
156
156
156
188
188
188
188
188
188
188
188
188
188
188
188
188
62
281
78
281
281
78
265
78
265
265
78
265

203
203
187
187
187
187
203
203
375
375
375
203
219
219
219
203
359
219
219
203
219
203
203
203
203
203
203
203
203
203
203
218
218
218
390
218
390
218
390
390
390
390
390
218
234
218
234
234
234
234
234
218
218
218
218
218
218
218
218
218
234
234
234
406
406
406
406
406
406
406
234
406
406
234
234
406
250
406
406
234
234
250

188
188
188
188
188
188
188
188
188

281
281
188
188
188
188

188
63
63
63
188
63
188
188
203
203
203
203
78
203
203
78
62
78
62
187
63
63
63
63


203
203
203
203
203
203
203
203
203
203
203
203
203
203
203
203
203
203
203
203
203
203
203
203
202
202
202
202
202
156
218
218
218
218
218
218
218
218
218
218
218
218
202
202
202
202
202
202
202
171
218
218
218

218

218
187
218
218
187
203
203
203
203

203
203
187
187
406
187
203
203
234
219
94
94
94
94
203
234
234
234
234
203
219
437
437
422
422
219
219
406
406
406
234
234
234
234
234
249
249
249
249
249
249
218
218
249
249
218
218
218
249
249
249
234
250
250
250
250
250
250
250
234
468
468
453
453
453
453
250
250
250
250
437
250
452
452
452
452
265
452
265
265
280
280
280
280
280
452
280

452

452
405

390
62
78
78
203
94
94
203
109
172
109
109
172
187
172
109
187
172
172
172
172
109
172
109
156
78
78
94
94
94
94
219
219
219
110
219
110
110
125
203
125
125
188
188
188
188
203
188
188
125
188
188
188
125
188

187
156
187
187
187
156
187
187
187
156
390
390
390
390
390
171
390
390
171
390
390
187
187
187
171
171
171
171
171
421
421
421
421
421
421
421
421
421
421
406
187
406
406
406
406
406
406
406
421
421
421
436
202
421
62
62
62
218
218
94
218
421
421
421

421
421
421
421
202
421
421
202
202
202
218
218
234
234
234
234
218
218
218
218
468
468
468
468
452
452
452
452
452
452
452
452
452
452
452
452
452
468
468
468
468
468
453
453
453


250
453
453
453
250
453
453
453
437
437
250

437
452
452
452
452
452
452
468
265
452
265
452
452
265
468
468
265
452
452
452
265
452
265
63
63
63
187
187
187
63
63

63
328
78
78
94
94
94
187
187
187
187
94
94
94
187
94
187
187
109
109
109
109
109

124
124
124

421
140
140
140
250
250
62
62
250

421
266
266
266
281
437
437
437
406
188
188
188

188
188
437
437
437
452
421
296
296
296
296


296

62
63
63
63
63
125
312
312
312
312
312
78
312
78
312
94
94
109
109
109
109
312
312
312
124
312
312
124
312
312
124
312
312
124
312
312


312
312

124
312
312
124
124
312
312
312
124
312
312
124
328
328
328
328
328
140
328
328
140
328
109
109
109
109
140
140
140
140
140
140
140
140
109
109
343
343
343
359
359
359
359
125
359
156
156
344
344
156
344
344
156
344
344
344
344
344
344
156
344
344
156
344
344
344
344
359
359
359
171
359
359
359
359
78
62
78

249
249
249
249
249
249
249
249
234
234
234
234
234
234
234
234
234
63
250
250
250
250
297
297
281
281
281
281
281
281
281
281
281
281
281
281
281
296
296
296
296
296
296
296
280
280
280
280
280
280
280
280
280
265
265
265
265
265
280
280
280
280
280
296
296
296
281
281
281
281
281
281
281
281
281
281
281
281
281
281
281
281
281
281
328
312
312
312
312
312
312
312
312
328
328
328
328
328
328
328
328
328
328
328
328
312
312
312
312
312
312
312
312
312
312

281
281
281
281
281
281
281
281
281

62
296
296
296
296
296
296
296
296
296
296
296

312
187
187
187
187
187
187
296
296
296
296
312
312
312
312
312
312
312
312
312
312
203
203
203
218
218
327
218
327
327
218
327
327
218
327
327
234
343
343
234
343
343
234
343
343
234
343
343
234
343
250
343
343
250
328
328
250
312
312
250
312
328
328
328
328
328
328
328
328
328
328
266
328
266
266
266
359
359
266
328
328
328
328
328
328
328
343

296
327
327
312
296
296
530
296
296
374
374
374
374
374
374
281
359
343
281
343
343
343
343
343
343
343
343
343
343
359
359
359
359
359
359
297
297

63
62
62
62
62
249
249
249
249
249


234
109
234
234
109
234
218
109
218
218
109
234
234
109
234
109
234
234
234
234
234
125
125
125
125
125
234
234
234
234
234
234
234
234
234
234
234

234
140
234
140
234
234
234
234
234
156
250
250
250
250
250
250
156
250
250
250
234


172
172
172
172
172
234
234
188
188
188

234
234
203
203
203
203
203
234
234
234
234
234
234
249
249
234
249
249
234
234
249
249
234
234
234
234
249
249
249
249
249
234
374
374
374
374
374
390
390
265
265
265
265
265
265
265
250
250
390
390
390
390
390
390
390
390
390
390

140
62
140
62
140

296
296
312
312
312
312
312
312
312

62
140
140
140
140
140
140
140
140
62
140
140
62
62
62
62
124
62
62
140
156
156
156
156
78
156
156
78
156
140
78
78
94
140
140
140
94
94
140
140
140
140
140
94
125
94
125
141
110
141
110
156
110
156
156
156
156
156
156
265
265
265
265
171
171
171
171
125
171
125
171
171
125
125
171
171
171
125
125
171
171
125
171
171
125
171
171
187
187
187
187
187
187
141
187
187
187
187
141
187
187
187
141
187
187
187
141
172
141
172
187
202
202
202
171
187
187
187
187
187
187
171
171
171
171
171
171
171
171
171
171
171
171
171
171
171
171
171
171
171
171
171
187
187
203
203
187
203
203
203
203
203
187
203
203
187
187
203
203
203
203
203
203
203
203
203
203
203
203
203
203
203
203
203
203
203
203
203
203
203
203
203
203
203
203
203
203
203
203
219
203
219
219
437
437
219
219
234
234
234
234
234

265
452
265
265
452
452
452
265
452

265
452
343
343
343
343
343
390
390
390
390
390
390
390
390
390
390
468
468
468
468
453
453
453
453
437
437
437
484
484
484
484
484
484
484
484
484
484
484
484
484
484
484
499
499
499
499
499
499
499
499
499
483
483
483
483
483
483
484
484
484
484
468
468
468
468
468
468
468
468
468
468
468
468
468
468
452
452
437
468
468
468
468
484
484
484
484
406
422
422
422
422
422
422
422
422
422
422
422
422
422
422
422
422
422
422
422
422
422
422
422
422
422
422
422
422
422
437
437
437
468
468
468
468
468
468
468
468
452
452
452
452
452
452
452
452
452
452
452
452
452
437
437
453
453
453

453
453
453
453
437
437
453
453
453
453
453
453
453
453
453
453
453
453
453
453
453
453
468
468
468
468
468
468
468
468
468
468
468
468
468
468
468
499
499
499
499
499
499
499
499
499
499
499
499
499
499
499
515
499
499
499
499
499
499
499
499
499
484
484
484
484
484
484
484
484
421
421
421
421
406
406
406
422
422
422
422
422
422
422
422
422
422
422
422
422
406
437
453
422
422
422
422
422
422
422
422
422
422
422
422
422
406
406
406
406
406
406
421
421
421
421
421
421
421
421
421
421
421
421
421
421
421
421
421
421
421
421
421
421
405

Time: 1591

OK (2200 tests)

BUILD SUCCESSUL (total time: 2 seconds)
