









94
63
63
63
78
78
78
78

63
63
63
63
63
63
63
63
63
63
63
63
63
63
63
63
63
63
63
63
63
63
63
63
63
78
78
93
93
93
93
93
78
78
78
78
78
78
78
78
78
78
78
78
78
78
78
78
78
78
78
78
78
78
78
94
94
94
94
94
94
94
94
94
94
94
94
94
94
109
109
109
109
109

62
62
62
62
62
62
109
124
62
62
62
62
62
62
62
62
62
62
62
62
62
62
62
62
62
62
62
62
62
62
62
62
62
62
78
78
78
78
78
78
78
78
78
78
78
78
78
78
78
78
78
78
78
78













94
63
94
63
94
110
110
110
110
110
110
110
110
110
110
110
110
110
110
110
110
110
110
125
125
125
125
125
125
125
125
125
125
125
125
125
125
125
125
125
125
125
125
125
125
125
125
125
125
125
125
125
125
141
141
141
141
141
141
141
156
141
141
141
141
141
141
141
141
141
141
141
141
141
141
141
141
141
141
141
141
141
141
156
156
156
156
156
156
156
156
156
156
156
156
156
156
156
156
156
156
156
156
156
156
156
156
156
156
156
156
156
156
172
172
172

109
109
109
109
109
187
187
187
187
187
187
187
187
187
187
187
187
187
187

187
187
187
187
187
187
187
187
187
203

















203
203
203
203
203
203
203
62
218
218
218
218
218
218
218
218
218
218
218
218
218
63
234
234
234
234
234
234
234
234
234
234
234
234
249
187
187
187
62
249
249
249
249
249
249
249
249
249
249
249
249
249
249
249
249
249
249
249
249
249

203
281
63

78
78
203
78
203
78
203
203
78
78
78
203
203
203
78
78
78
203
203
94
94
94
125
125
125
141
94
219
219
219
219
219
94
94
94
219
219
94
219
219
219
219
219
219
219
219
219
203
203
203
203
203
203
203
203
203
203
203
203
203
203
203
203
203
156
156


171
171
218
171
218
171
218
218
218
218
218
234
234
234
234
234
187
203
63
63
265

219
219

280
280
62
280
280
280
280
280
280
234
234
234
280
280

249
249
249
249
249
249

94
94
281
94
94
62
94
94
94
94
94
94
281
281
281
296
296
312
312
312
312
312
312
312
312
312
312
312
312
312
312
312
172
63
328
328
328
328
328
328
328
328
328
328
328
328
328
328
328
328
328
328
328
328
328
328
312
312
62
62
203
203


62
218
62
218
62
218
234
250
63
250
63
250
250
250
250
234
234
234
234
78
234
78
78
234
234
234
78
234
234
234
234
78
78
78
78
234
234
234
249
249
249
249
93
249
249
249
93
249
265
109
265
265
265
109
265
265
109
265
265
265
265
265
265
265
265
265
109
109
109
250
250
250
109
266
266

141
250
250
250
250
141
250
141
250
250
141
250
250
250
141
250
250
250
250
250
265
156
156
156
156
156
156
265
265
265
265
265
265
265
156
265
249
172
281
281
172
172
281
281
281
172
281
281
281
172
172
281
281
281
172
281
172
281
172
281

281
281
172
172
172
62
62
62
202
202
202
202
280
202
218
234
234
234
218
234
234
218
234
218
218
436
218
436
436
218
436
218
436

234
234
234
250
250
234
250
250
250
250
234
250
250
250
250
250
234
250
234
234
234
452
234
250
250
468
250
468
468
468

468
468
468
468
266
266
266
266
266
266
266
266
266
468
468
468
266

483
296
296
296
312
203
203
63
63
63
63
203
312
312

203
203
203
203
219
219
219
219
219

343
343
343
499
499
499
343
343
343

343
234
234
234
234
234
62
62
62
78

265
265
265
265
265


62
62
265
62
62
62
265
62

297
63
297
297
297
63
63
63
297
297
63


125
125
125
125
125
125
125
125

140
265
265
265
265
265
265
140
140
125
327
327
327
327

343
63
343
343
343
327
343
343
343
343
343
343
343
343

265
62
109
109
109
109
62
109
62
109
202
280
202
280
280
280
280
202
202
280
202
280
280
280
280
280
452
280
202
280
280
280
202
280
280
202
280
280
296
296
218
218
296
296
296
296
218
218
296
218
218
296
296
296
218
218
296
218
296

156
156
156

281
281
281

297
297
297
297
297
297
578
578
578
578
578
297
578
578
578
578
593

312
593
312
593
593
593
312
593
593
593
312
593
593
593
312
593
593
593
593
593
593
593
312
593
593
593
593
593
593
609
609
609
328
328
328
609
609
609
328
609
609
328
609
328
609
609
609
328
609
328
609
328
609
328
328
609
624
343
624
62
234
624
624
624
592
592
592
592
592
390
624
358
358
624
624
624
358
608
608
374
374
592
374
374
374
374
374
608
296
296
296
62

265
62
62
62
62
265
62
265
62
62
62
406
608
608
608
406
608
608
608
406
406
406
422
624
609
609
609
422
422
609
422
609
609
609
422
422
609
609
422
609
609
609
609
422
609
609
609
624
624
437
639
639
639
639
639
639
639
639
639
639
639
437
624
437
624
437
624
624
624
624
437
624
624
624
624
624
624
624
640
453
640
453
453
640
640
640
359
359
359
359
359
359
359
359
359
359
359
63
375
63
63
359
374
78
374
374
78
78
374
374
358

93
93

109
358
358
358
140
140
140
374
374
374
140
140
140
140
140
156
375
359
359
390
156
359
359
359
171
405
405
405
405
405
405
421
421
406
406
187
187
187
405

405
405
218
405
405
405
405
405
405
405
405
218
405
405
405
405
218
390
62
250
250
250

390
390
390
390
265
390
390
390
390
265
265
390
390
390
281
406
281
406
406
406
406
406
281
406
406
406
406
406
281
281
406
406
406
406
281
266
297
312
312
375
375
375
375
390
390
390
390
327
390
390
327
390
390
390
390
390
327
390
390
390
390
327
327
390
390
390
327
390
390
327
390
327
390
406
406
406
406
343
406
406
406
343
406
406
406
343
406
406
406
406
406
406
406
406
406
406
406
343
421
358
421
421
421
358
421
358
421
358
421
421
421
421
421
421
358
421
421
421
421
421
358
358
421
358
358
358
421
374
437
437
374
78

437
437
437
437
437
390
437
437
390
437
437
437
390
437
390
437
390
437
437
406
453
453
453
453
406
453
453
406
453
453
453
453
453
406

453
453
718
453
453
422
422
422
422
422
422
422
422
422
422
437
437
437
437
437
437
437
437
437
437
733
733
733
733
468
437
452
437
437
437
437
437
733
733
733
733
437
733
733
749
749
749
453
749
749
453
749
733
733
733
733
453
733
453
733
468
748
468
748
468

748
748
748
748
748
468
748
748
748
748
748
748
733
733
733
499

733
749
62
62
62
62

265
530
733
530
530
530
530
62
62
62
62
421
421
421
62
62
406
406
406
62
62
62
78
63
437
437
63
94
94
94
94
422
422
94
94
422
422
422
422
422
422
422
63
63
63
63
437
94
94
422
422
94
422
94
437
109
109
437
437
437
437
109
437
437
109
437
109
437

125

140
140
140

63
63
63
63
63


437
437
421
421
421
421
421
421
406
187
187
187
203
203
203
406
406
203
406
203
406
390
390
405
405
405
405
218
405
405
405
405
405
405
421
421
421
218
421
421
421
218
421
421
421
421
421
421
421
405
405
405
421
234
421
421
234
421
421
421
421
234

250
406
406
406
406
406
250
250
406
406
250
250
406
406
250
406
250
406
406
250
125
125
297
297
63
125
125
125
125
141
141

63
141
62
359
359
421
421
359
405
405
359
359
405
405
405
359
390
390
359
359
390
390
390
390
359
390
390
375
406
406
375
406
406
406
406
375
406
406
406
406
375
375
437
437
437
437
437
437
421
421
421
421
421
421
375
390
436
436
390
436
436
421
390
421
421
421
421
390
421
421
421
421
421
421
390
421
390
421
421
390
421
421
421
390
405
405
421
452
437
437
437
452
811
468
468
811
811
811
811
811
468
811
811
811
811
811
811
811
811
468
811
484
827
328
344
328
328
328
328
328
328
328
328
328
297
312
312
297
312
312
312
312
312
312
312
296
93
109
296
296
109
296
296
296
296
296
296
296
296
296
296
296
296
296
125
312
312
125
125
125
312
312
312
125
312
312
141
141
141
141
141
141
141
141
141
141
141
281
281
281
281
281
296
296
296
296
296
296
296
296
296
296
296
280
171
280
280
280
280
280
280
280
280
280
280
171
171
171
280
280
171
171
280
280
171
499
187
312
187
187
296
296
203
281
281
281
281
281
281
281
281
281
281
281
281
281
281
203
296
296
296
296
296
281
281
281
219
297
297
203
328
312
312
312
312
312
312
203
312
312
203
312
312
312
312
203
312
312
203
344
203
328
203
328
328
328
328
328
203
312

327
327
327
312
234
312
312
312
312
234
312
312
234
312
234
327
327
327
327
327
327
327
234
296
296
296
234
296
312
312
234
328
328
328

250
328
328
312
312
312
312
312
312
312
312
312
312
250
250
343
250
343
343
343
343
343
250
343
343
343
343
343
343
343
343
265
343
343
343
343
343
343
343
265
343
421
421
343
421
421
437
437
452
452
359

374
374
406
406
406
406
374
374
374
406
406
390
422
422
390

890
874
406
406
874
874
874
406
406
406
874

890
890
406
874
406
874
874
874
406
406
874
406

858
858
858
858
873
437
873
873
873
873
873
873
873
873
437
437
437
437
437
437
437
437
873
873
437
437
873
437
858
452

452

468
468
468
468
484
484
858
858
858
484
484
484
484
484
484
484
858
858

343
343
343
343
343
343
343
343
343
343
343
343
343
343
343
343
374
374
374
358
358
358
358
358
358
358
358
358
358
358
358
358
358
358
358
358
358
358
358
358
358
358
358
203
702
702
702
702
702
718
718
718
718
702
702
702
624
624
624
624
624
655
421
421
421
421
421
421
421
421
421
421
421
421
421
421
421
406
453
453
453
422
437
422
437
422
437
422
437
437
437
437
422
437
422
437
422
437
422
437
422
437
422
437
422
422
422
437
422
437
437
452
452
437
437
437
437
437
437
437
437
437
437
452
452
452
452
452
452
452
452
452
437
437
452
437
452
437
437
437
452
453
468
453
468
453
453
468
468
453
468
453
468
453
468
468
453
453
453
453
453
453
453
453
453
437
437
437
437
437
437
437
437
437
452
452
452
452
452
452
452
452
452
452
452
452
452
452
452
452
452
452
452
452
452
452
436
452
452
452
452
452
452
452
452
452
452
452
452
468
468
468
468
468
468
468
468
468
468
468
530
530
546
546
546
546
546
546
546
546
546
546
546
546
546
546
546
546
546
562
562
562
562
562
562
546
546
546
546
546
546
546
546
546
546
546
546
546
546
546
546
546
562
562
577
577
577
577
577
577
561
561
561
561
561
561
561
561
561
561
561
561
562
562
562
577
577
577
577
577
577
577
577
577
577
577
577
577
562
577
577
577
577
577
577
577
577
577
577
577
577
577
577
593
593
593
593
593
593
593
593
593
593
608
608
608
608
608
608
608
624
624
609
609
609
609
609
609
609
609
609
609
609
609
609

Time: 1763

OK (2400 tests)

BUILD SUCCESSUL (total time: 3 seconds)
