







62
62

62
78




62
62
62
78
62
62
78
78
78
62
78
62
78
78
94
62
62
62

62
62
62
62
62
62
78
78
78
78
78
78
94
78
78
62
78
78
78
62
94
94
63
63
63
63
63
63
63
63
63
63
63
63
63



78
78
78
78
78
78
78
78
78
78
78
78
78
78
78
78
78
78
78
78
78
78
78
78
78
78
94
94
94
94
94
94
94
94
94
94
94
94
94
94
94
94
94
109
94
62
63
63
63
63
63
63
63
63
78
78
78
78
78
78
78
78
78
78
78
78
78
78
78
78
78
78
78
78
78
78
78
78
78
78
78
78
78
78
78
94
94
94
94
94
94
94
94
94
94
94
94
94
94
94
94
94
94
94
94
94
94
109
125
125
125
125
125
125
125
125
125
125
125
125
125
125
125
125
125
125
125
125
125
125
125
125
125
125
125
125
125
125
62


140
140
140
140
140
140
140
140
140
62
140
140

140
140
140
140
140
140
140
140
140
140
140
140
140
140
140
140
140
140
140
140
63
78
63
156
125
125
109

125
109
78
125
125
125
78
94
94
94
94

94
94
62
109
109
109

124
140
140
140
124
62
62
125

172
156
156
156
156
156
156
156
156
125
78
125
125

63
63
63
63
141
63






141

141
141
63
63
63
63
63
141
156
62
78
78
78
125

62
109
62
62
109
62
93
93
93
62
93
93
93
93
93
93
78
78
62
78
141
141
141
141

125
125
94
125
125
63
125
125
125
125
125
78
78
109
109
109
109
78
78
78
78
78
94
78
94
94
94
172
78
78
171
156
78
78
78
78
62
62
156
156
62
78
78
78
78
78
62
78
78
62
78
78
78
62
78
78
78
78
78
62
78
78
78
78
172
78
188
94
188
188

110
110
110
110
110
110
78
110
110
110
78
110
110
110
110
110
110
110
110
110
110
110
110
110
78
110
110
110
110
93
93
93
140
125
93
125
125
93
93
78
109
109
78
93
78
78
93

140
78
140
140
140
93
63
63
63
63
63
63
63
63


141
141
141
141
141
141
141
109
141
141
141
109
141
156
156
124
156
156
124
156
156
124
156
156
156
156
156
156
156
156
156
124
156
124
156
124
156
156
156
156
156
156
140
62

172
172
172
172
156
172
172
172
156
172
172
172
156
172
156
172
156
172
172
172
156
156
172
172
172
156
172
172
172
172
188
266
172
266
266
266
266
266
266
266
266
266
266
266
266
266
266
266
172
63
63
63
94
63
63
63
63
63
63
78
78
109
62
62
109
109
62
109
62
78
78
78
78
109
109
109
78
78
78
109
78
78
78
78
78
109
78
93
93
109
94
109
125
109
109
109
109
109
109
109
78
140
156
62
140
140
156
156
156
156
156
62
62
62
140
140
140
140
140
140
187
187
187
187
187
187
140
140
140
140
140
140
140
140
140
156
203
203
203
172
172

234
109
109
218
249
249
218
249
218
249
249
218
234
218
218
234
234
234
250
265
265
234
234
125
125
219
219
125
219
219
219
125
219
219
125
203
219
219
140
218
156
218
218
156
218
156
156
156
218
156
156
156
218
218
218
156
218
156
156
156
218
171
218
171
171
171
171
171
172

234
234
234
187
187
234
234
187
234
187
234
234
234
187
234
234
187
187
187
187
187
234
187
187
187
234
234
234
187
234
250
203
250
203
250
250
250
203
250
203
250
203
250
250
250
203
250
203
203
203
203
250
250
250
250
203
203
203
203
203
250
203
203
203
203
218
218
218
218
218
203
203
172
218
218
218
218
218
218
218
218
203
203
249
249
249
249
249
249
249
249
249
249
249
249
265
265

Time: 0671

OK (800 tests)

BUILD SUCCESSUL (total time: 2 seconds)
