












63
78
63
78


63
63
63
63
63
63
63
63
63
63
63
63
63
63
63
62
62
62
62
62
78
78
78
78
78
78
78
93
78
78
78
78
93
78
93
78
93
78
93
78
78
78
78
78
78
94
109
63
63
63
94
109
94
94
94
125
109
94
109
109
109
94
109
94
63
78

63
63
78
78
78
78
78
78
78
78
78
78
78
78
78
78
78
78
78
78
78
78
78
78
78
78
78
78
78
94
94
94
94
94
94
94
94
94
94
94
94
94
94
94
110
110
110
110
110
110
110
110
110
110
110
110
110
110
110
110
110
110
110
110
110
110
110
110
110
110
110
110
110
110
125
125
125
125
125
125
125
125
125
125
125
125
125
125
125
125
125
125
125
125
125
125
125
125
125

125
125
140
63
63

156
156
156
156
156
156
156
156
156
156
156
156
156
156
156
156
156

156
156
156
156
156
156
156
156
171
171
171
171
171
171
171
171
171
171
171
171
171
171
171
171
171
171
171
187
171
171
171
171
171
171
171
171
171
171
187
187
187
187
187
187
187
187
187
187
187
187
187
187
187
203
203
203
203
203
203
203
203
203
203
203
203
203
203
203
218
218
218
218
218
218
234
218
218
218
218
218
218
218
218
218
63
63
63
63
63
78
78
78
78
78
109
109
109
94
94
78
172
172
78
78
172
172
172
172
78
172
78
78
78
78
187
187
187
109
109
109
109
109
109
109
109
109
109
109

124
124
124

62
156
156

156

187
187
187



187
187
187
187
187
187
187
187
187
187
187
187
187
187
187
187
203
203
203
203
203
203
203
203
203
203
203
203
203
203
203
203
203
203

219
219
219
219
219
63
219
219
219
219
234
234
234
234
234


249
249
249
249
249
249
249
249
249
249
249
249
249
249
249
249
265
265
265
265
265
265
265
265
265
265
265
265
265
265
265
265
265
265
265
265
265
265
265
265
265
62
62
62
156
156
156
156
156
156
280
280
280
280
280
280
280
280
280
280
280
280
280
280
280
280
280
296
62
203
218
296
296
296
296
296
296

312
312
312
312
312
312
312
312
312
312
312
312
234
63
250
250
250
328
328
328
328
328
328
328
328
328
328
328
328
328
328
328
328
328
328
328
328
328
328
328
328
328
343
343
343
343
343
343
343
343
343
343
343
343
343
343
343
343
343
343
343
343
343
343
343
343
343
359
359
359
359
359
359
359
359
62
62
62
62
62
374
374
374
374
374
374
374
374
374
374
374
374
374
374
374
374
374
374
374
374
374
374
374
374
374
374
374
374
374
374
390
390
390
390
390
390
390
390
390
390
390
390
390
390
390
390
390
390
63
344
344
344
110

110
344
344
94
94
94
110
110

62
62
62

62
62
343
343
140
343
343
140


343
343
343
343
343
343
343
343
156
343
343
156
156
172
359
359
172
359
343
359
172
359
172
172
359
359
359
359
359
359
359
172
359
359
374
187
374
374
187
358
358
358
202
358
358
202
358
358
358
358
202
358
358
202
358
358
358
358
202
202
343
343

343
343
78
78
78
78
78
94
94
94
94
125
125
359
359
359
359
234
234
359
359
234
359
359
359
359
359
359
359
359
234
359
359
359
343
359
343
359
234
343
375
250
250
359
359
359
344
359
359
359
359
250
250
359
359
344
359
250
359
359
344
359
359
250
250
344
250
344
265
359
281

359
359
390
390
390
390
390
265
390
390
390
390
390
390
390
265
390
390
265
390
374
265
374
374
265
406
390
390
390
406
281
281
281
390
390
390
390
281
375
203
63
63
187
375

375
297
312
62
62
312
390
312
390
390
312
374
312
390
312
390
390
390
390
312
390
390
390
312
390
390
312
406
328
390
328
374
62
62
62
406
406
406
328
406
406
406
406
406
328
406
406
328
406
406
390
344
344
344
344
344
344
344
344
344
344
406
390
344
422
359
359
296
62
296
561
374
561
374
374
561
561
561
561

63
187
187
187



78

78
562
453
453
453
483
483
577
577
577
577
483
577
577
483
577
577
483
577
483
577
483
577
577
577
577
577
78
62
78
327
327
78
328
328
328
125
125
328

125
140
140
140
140
156
156
156
297
172
172
172
172
172
172
172
172
172

187
187
187
187
296
296
296
219
297
312
312
312
312
312
297
219
219
297
297
219
312
312
312
219
219
219
312
297
219
297
219
219
297
421
421
421
437
437
312
249
312
312
312
249
312
312
249
281
281
265
312
312
281
281
281
265
249
265
312
312
249
312
312
312
265
265
608
608
265
63
78
78
78
297
297

297
297
297
297
343

312

63
63
63
63
468
483
483
93
483
93
483
483
468
468
93
468
93
468
468
452
452
483
483
483
93
93
484
109
484
484
484
484
109
484
484
484

499
499
499
499
499
499
499
499
109
499
499
484
484
484
500
500
500
500
500
500
484
141
484
484
484
141
484
484
141
















453
453
468
484
484
484
484
484
484
141
141
141
141
141
171
171
171
171
452

125
140
125
140
125
140
156
312
312
296
296
312
312
141
141
453
141
141
297
297
297
281
281
281
281
187
265
265
265
265
265
250
250
250
250
250
250
250
250
250
250
234
234
234
140
234
234
234
234
218
140
140
140
218
218
218
218
218
312
359
359
359
359
359
343

343
328
328
312
312
312
312
296
296
296
296
296
296
296
296
281
281
281
297
297
297
297
297

297
266
266
172
266
266
172
250
250
172
250
172
234
203
234
312
172
297
172
172
172
343

Time: 0936

OK (1200 tests)

BUILD SUCCESSUL (total time: 2 seconds)
