










63
63
63
63
78
78
78
78
78
78
63
78
78
63
63
63
63
63
63
63
63
63
63
63
63
63
63
63
63
63
63
63
63
63
63
63
63
78
78
78
78
78
78
93
93
93
93
93
93
93
62
62
62
62
62
62
62
62
62
62
62
62
62
62
62
62
62
62
62
78
78
78
78
78
78
78
78
78
78
78
78
78
78
78
78
78
78
78
78
78
78
94
94
94
94
94
63
63
94
94
94
94
94
94
94
94
94
94
94
94
94
94
94
94
94
94
94
94
94
94
94
94
94
109
109
109
109
109
109
109
109
109
109
109
109
109
109
109
109
109
109
109
125
125
125
125
125
125
125
125
125
125
125
140
140
125
140
140
156
172
141
141
141
141
141
141
141
141
141
141
141
141
141
141
141
141
141
141
141
141
141
141
156
78
78
78
94
94
109
109
109
109
109
109
109
109
109
109
109
109
109
109
109
109
109
109
109
109
109
109
109
109
109
109
109
109
109
109
109
109
125
125
125
125
125
125
125
125
125
125
125
125
125
125
125
125
125
125
125
125
125
125
125
125
125
125
125
125
125
125
125
125
141
141
141
141
141
141
141
141
141
141
141
141
141
141
141
141
141

141
141
141
141
141
141
141
141
141
141
141
141
141
156
171
171
171
171
171
171
171
171
171
171
171
171
171
171
171
171
171
171
171
187
187
187
187
187
187
187
187
187
187
187
187
187
187
187
187
187
187
187
187
202
202
202
202
202
202
202
202
202
202
202
202
202
202
202
202
202
234
218
218
218
218
218
218
218
218
218
218
218
218
218
218
234
234
234
234
234
234
234
234
234
234
234
234
234
234
249
249
249
249
249
249
249
249
249
249
249
249
249
249
249
249
249
249
249
249
249
265
281
234
234
234
234
234
234
234
234
234

Time: 0375

OK (400 tests)

BUILD SUCCESSUL (total time: 1 second)
