








78
62
62
62
62
62
62
62
78
62
62
62
62
62
62
78
78
78
62
62
78
78
62
62
62
62
62
62
62
62
62
62
62
62
62
78
78
78
78
78
78
94
94
78
94
62
62
62
62
62
62
62
62
62
62
62
62
62
62
62
62
62
62
62
62
63
63
63
63
63
78
78
78
78
78
78
78
78
78
78
78
78
78
78
78
78
78
93
93
93
93
93
93
93
93
93
93
93
109
93
62
62
62
62
62
93
93
93
93
93
93
93
93
93
93
93
93
93
93
93
109
109
109
109
109
109
109
109
109
109
109
109
109
109
109
109
109
109
109
109
109
109
109
109
109
109
109
109
109
109
109
124
124
124
124

62
62



78
78
78
78
93
93
109
109
109
109
109
109
109
109
109
109
109
109
109
109
109
109
109
109
109
109
109
63
63
125
125
125
125
125
125
125
125
125
125

125
78
140
140
140
140
140
140
140
140
140
156
156
156
156
156
156
156
156
156
156
156
156
156
156
156
156
156
156
156
156
156
171
171
171
171
171
171
171
171
171
171
171
171
171
171
171
171
171
171
171
187
187
187
187
187
187
187
187
187
187
187
187
187
187
187
187
187
187
187
203
63
219
219
219
219

219





234
234
234
234
234
234
234
234
234
234
234
234
234
234
234
234
234
234
234
234
234
234
234
234
234
234
234
234
234
234
234
234
234
250
250
250
250
250
250
250
250
265
250
250
250
250
250
250
250
250
250
250

250
250
250
250
250
250
250
250
250
250
250
250
265
265
265
265
265
265
265
265
265
265
265
265
265
265
265
265
265
265
265
265
265
265
265

218
218
218
218
218
218
218
218
218
203



78
78
78
78
78
78
219

219


141

156
156
156
172
172
172
172
63
63
63
63
156
156
156
156

62
62
62
62
62
62
62
62
62
219
171
171
187
187
187
187
187
281
203
281
281
281
281
281
281
281
203
234
203
250
250
250
250
250
250
250
250
250
250
219
234
219
234
219
234
234
219
219
234
234
234
234
234
234
234
219
234
249

249
249
249
249
234
234
249
249
249
249
249
249
312
312
312
234
312
312
312
312
312
234
312
234
234
312
312
312
328
125
125

281
250
281
281
250
281
281
250
281
250
250
250

250
250
250
250
250
250
250
250
265
265
265
265
265
281
266
266

266
266
266
266
344

62
359
359
359
359
359
359
359
312
63
63
328
328
328
328
328
328

63
63

62
62
62


358

78

78

202
202
202
218
125
125
125
125
125
218
218
218
218
218
234
234

234
234
234

234
234
234
234


234
234
234
234
234
234
219
219
219
219
219
141
219
219

62
312
312
312
312
234
234
234
234
234
234
234
234
234
156
250
171
171
171
171
171
171

234
234
234
250
250
250
250
250
250
250
250
250
187
250
250
187
250
250
250
187
250
250
250
250
250
250
250
250
265
265
265
265
265
265
265
265
265
265
265
265
265
265
265
265
265
265
265
202
265
62
62
62
62
62
62
62

218
218
218
218
218
218
218
218
218
218
218
297
250
297
297
297
297
297
297
297
281
250
297
297
297
297
297
297
297
297
250
297
297
297
297
297
281
250
250
296
265
296
296
265
265
265
296
296
296
265
296
265
296
296
265
265
296
265
296
296

281
281
281
63
63
297
281
328
296
343
343
296
343
343
343
343
296
343
343
343
296
359
312
359
359
312
343
343
312
343
343
312
343
343
343
312
312
343
312
343
343
312
343
312
343
312
343
359
343
312
359
328
359
359
328
359
359
328
328
359
359
359
359
359
344
359
344
344
359
344
344
344
344
344
562
577
577
359
359

62
359
359
577
577
577
577
359
577
577
577
577
577
577
375
375
593
593
375
593
593
593
593
593
593
593
593
593
375

375
375

78
78
78
312

608
312
405

405
405
405
219
219
219
436

312
312
390
62
343

109
359
125
328
109
62

125
125
156
156
328
328
328
328
328
328
328
328
328
140
312
156
203
203
312
312
219
62

234
312
250
250
250
250
266
281
266
266
266
266
266
266
266
266
266
266
266
578
578
546
546
546
266
546
266
546
546
281
561
561
281
561
561
561
281
561
561
281

62


561
561
281
561

281
561

281
281
561
561

561

281
343
297
328
328
297
328
297
328
328
328
312
312
312
312
312
312
312
312
312
312
312
312
312
312
297
297
609
624
62
93
624
608
608
608
592
592
592
592
592
312
592
592
312
312
592
592
312
592
312
592
312
592
312
592
592

234
234
234
234
234
608
608
343
593
343
593
593
343
593
593
343
593
593
343
343
593
343
343
608
608
624
624
624
624
624
624
624
624
624
624
624
624
624
624
624
624
624
624
624
624
624
624
609
609
609
609
609
359
609
624
624
359
624
359
639
639
639
639
374
639
639
156
639
639
639
374
639
639
639
624
374
624
374
374
624
624
624
624
624
624
624
624

640
328
328
624
234

640
639
639
639
639
639
639
639
343
359
359
437
437
437
234




359
359
359
359

359


468
375
375
375
375
359
375
375
375
375
375
375
375
375
375
375
375
375
375
375
375
375
375
375
359
344
344
344
328
328
328
328
328
328
328
405
405
405
405
405
343
343
343
343
343
343
374
374
374
374
374
374
374
374
374
359
359
359
359
343
343
343
343
218
218
218
327
327
327
327
343
328
328
328
328
328
328
328
328
328
328
328
297
297
297
297
297
297
297
297
297
281
281
281
281
265
280
280
280
280
280
280
265
265
265
265
265
265
218
265
265
280
280
280
280
280
280
234
280
280
280
280
280
280
280
280
280
265
218
265
281
234
281
281
281
281
296
296
296
296
296
296
296
296
296
281
281
281
281
281
281
281
281
281
281
281
234
593
265
265
266
281
266
266
266
266
266
640
281
266
266
266
266
624
266
266
609
266
609
266
609
640
640
640
609
640
609
640
609
640
266
640
609
609
609
624
624
624
624
281
624
624
281
624
624
281
624
624
281
624
624
281
281
624
624
624
281
281
624
624
624
281
281
624
281
640
297
640
640
640
312
312
312
312
312
297
297
297
297
297
687
687
671
671
671
671
671
671
655
655
655
655
655
655
670
670
670
670
670
312
686
312
327
281
561
62
561
281
343
343
343
343
343
343
343
343
343
343
343
343
343
639
343
343
343
343
343
343
343
343
343
359
359
374
374
374
546
546
562
562
562
546
546
546
546
546
546
546
546
546
546
546
546
546
546
546
546
546
562
562
546
546
562
562
562
562
562
562
562
562
562
577
577
577
577
577
577
577
577
577
577
577
577
577
577
577
593
593
593
593
593
593
593
593
593
593
593
593
593
593
593
593
593
593
593
593
593
593
593
593
593
593
608
608
608
608
608
608
608
608
608
608
608
608
608
608
608
608
608
608
608
608
608
608
608
608
592
592
592
592
592
592
592
608
608
608
608
624
624
624
624
624
624
624
624
624
624
624
624
624
624
624
624
624
624
624
624
624
624
624
624
624
624
624
624
640
640
640
640
640
640
640
640
640
640
640
640
640
640
640
640
640
640
640
624
624
624
624
624
624
624
624
624
624
624
624
624
639
639
639
639
639
639
639
639
639
639
639
639
639
639
655
655
655
655
655
670
670
670
670
670
670
670
670
468
468
468
468
452
452
484
484
484
484
484
484
484

Time: 1232

OK (1600 tests)

BUILD SUCCESSUL (total time: 2 seconds)
