













62
94
78
78
78
78
78
78
62
62
62
62
62
62
62
62
62
62
62
62
62
62
62
62
62
62
62
62
62
62
62
62
62

63
63
63
63
63
78
78
78
78
78
78
78
78
78
78
78
78
78
78
94
94
94
94
94
94
94
94
94
62
62
93
93
93
93
93
93
93
93
93
93
93
93
93
93
93
93
93
93
93
93
109
109
109
109
109
109
109
109
109
125
109
125
125
125
62

63
63
63
63
63
63
63
63
63
63
78
78
78
78
78
78
78
78
78
78
78
78
78
78
78
78
78
78
78
78
94
94
94
94
94
94
94
94
94
94
94
94
94
94
94
94
94
94
94
94
94
94
94
94
94
94
94
94
94
94
110
110
110
110
110
110
110
110
110
110
110
110
110
110
110
110
110
110
110
110
110
110
110
110
110
110
110
110
110
110
125
125
125
125
125
125
125
125
125
125
125
125
125
125
125
125
125
125
125
125
125
125
125
125
125
125
125
125
125
125
63
156
156
156
156
156
156
156
156
156
156
156
156
156
156
156
156
156
156
156
156
156
156
156
156
156
156
156
156
156
156
156
156
171
171
171
171
171
171
187
171
171
171
171
171
171
171
171
187
187
187
187
187
187
187
187
187
187
187
187
187
187
203
203
203
203
203
203
203
203
203
203
203
203
156
156
156
156
156
218
218
218
218
218
218
218
218
218
218
234
234
234
234
234
234
234
234
234
234
234
234
234
234
249
249
249
249
249

265
265
265
265
265
265
265
265
265
265
265
265
265
265
265
265
281
281
281
281
281
281
281
281
281
281
281
281
281
281
281
281
281
281
281
281
281
281
281
297
297
297
297
297
297
297
297
297
297
297
297
297
297
297
297
297
297
297
297
297
297
297
297
297
297
297
297
297
297
297
297
297
297
297
312
312
312
312
312
312
312
312
312
312
312
312
312
312
312
312
312
312
312
327
312
312
265
265
265

265
265
265
265
265
265
265
265
265
265
265
265
265
250
250
250
250
250
250
250
250
265
265
265
265
265
265
265
265
265
265
218
218
218
218
218
234
234
234
234
234
249
249
249
249
249
249
249
249
265
265
265
265
265
265
265
265
281
281
281
281
312

296
296
296
296
296
296
296
296
296
312
312
328
328
328
328
328
328
344
312
312
312
312
312
312
312
312
312
312
312
312
312
312
312
312
312
312
312
312
312
312
343
343
343
343
343
343
343
343
343
343
343
343
343
343
343
343
359
359
359
359
359
359
359
359
359
359
359
359
359
359
359
359
359
359
296
296
296
296
296
296
296
296
296
296
296
296
296
328
328
328
328
328
328
328
328
328
328
343
343
343
343
328
328
328
328
328
328
328
328
328
328
328
328

Time: 0546

OK (600 tests)

BUILD SUCCESSUL (total time: 1 second)
